-3.188189707229009962e-01
-2.606126999680476453e-01
-1.631256413111107917e-01
8.643450819347128222e-01
-8.362860209981981541e-01
6.251254938187994492e-02
-2.465067037817089135e-01
2.138072052091548603e-01
-8.722742346493024268e-01
5.732006477744380213e-01
-5.233711919115785483e-02
-7.705631460847506276e-01
-1.000000000000000000e+00
-9.436795820994825501e-03
-2.289592170004585148e-01
-3.463137282940427220e-01
-7.854662698106313901e-01
1.054981126707082995e-01
5.047809976159596257e-01
4.709840712223850034e-01
-7.062240581332855927e-01
2.715419079434138738e-01
2.330459725714449926e-01
9.206611535754638531e-01
-4.309749098390028288e-01
-7.818785878496383734e-01
-1.856889673424397258e-01
1.000000000000000000e+00
6.240594936627650302e-01
5.982038432176355336e-01
6.912859705282556888e-01
-1.000000000000000000e+00
1.000000000000000000e+00
1.421237774223235162e-01
-8.228510232209484965e-01
-6.615087185724202179e-01
-1.000000000000000000e+00
-9.072820015558848983e-01
-4.977692255849170411e-01
-3.674399639697221720e-01
6.778706742583959777e-01
6.698695116925607040e-02
7.087360213088367278e-01
-5.162041951880347312e-01
-1.876947155035667558e-01
-1.000000000000000000e+00
4.322791993683554046e-01
3.821926628772459589e-02
-1.000000000000000000e+00
-6.366445029332929995e-01
-6.002869674570514569e-01
3.856005860517678352e-01
-8.921157093801314053e-01
9.512004466680357151e-01
-4.764960867330254590e-01
-2.865944821423490607e-01
-5.475644067337779308e-01
7.665952262427463415e-01
3.517658342191621879e-01
1.000000000000000000e+00
-3.877022458659530879e-01
-9.812589856533110444e-02
-6.696522923194230259e-01
-3.962676562534385161e-01
6.430271585932528788e-01
3.750983996295681466e-02
2.348560354190172283e-01
-6.862454897761297579e-01
1.027899298973927733e-02
6.297365648663288962e-03
-6.034989899610048170e-01
-6.509133146571588480e-01
8.966023341691429227e-01
5.712418102820238097e-01
9.586222348842354801e-01
-1.656467426514952046e-01
-1.000000000000000000e+00
-3.257251458017522694e-01
-7.353146795948692915e-01
1.000000000000000000e+00
8.101166857704342750e-01
3.370273974173988996e-01
