-7.009264974078416310e-01
3.003001520855318462e-01
-1.000000000000000000e+00
2.871292422755801765e-01
5.330078633051662518e-01
4.655827213073879811e-01
-1.000000000000000000e+00
-7.012662875714171795e-01
-8.942999308305641382e-01
-9.060590425186261232e-01
-2.848404431253971913e-01
-1.000000000000000000e+00
-8.901728426579480491e-01
-1.676551304356499461e-01
2.840727951307614463e-01
1.000000000000000000e+00
-1.000000000000000000e+00
8.495250661965785266e-01
-9.207359524795905026e-02
7.416051166794068727e-01
8.089896134522698290e-01
-9.161322221611168937e-01
-1.000000000000000000e+00
-8.069046413764385806e-01
7.036221651008672806e-01
4.599569677205840867e-01
2.832317601167687049e-01
-9.062024381742141976e-01
-3.882538431466054374e-01
-5.860683514642550662e-01
6.043910183455452056e-01
1.000000000000000000e+00
-1.486401882901255411e-01
1.211711336549848861e-01
9.394571140728380509e-01
-6.339191255356717569e-01
-5.209772183105283450e-01
-9.495143617351982090e-01
-8.330869595051959564e-01
-6.971353879134760678e-01
-3.846507992704175094e-01
7.670319439446631193e-01
-7.602582239746291659e-02
-6.957138274605074724e-01
-8.826536736826214868e-01
1.000000000000000000e+00
-6.806767122677637172e-03
-1.243333753115805074e-02
-7.318124497043055898e-01
-7.542132320666192768e-01
-7.281202818984258140e-01
-2.516496632296099101e-01
-3.986709944906178804e-01
-2.466836888523448179e-01
-9.060007070521902683e-01
-7.846850613330812463e-01
7.667214693619965882e-01
-1.038023638346818878e-03
8.052894613430894299e-03
-7.939966997925544945e-01
-2.756950034278599082e-02
8.441570485489749975e-01
-9.372131951388962268e-01
5.603694436907731280e-01
-1.000000000000000000e+00
9.044603340706003358e-02
-3.384157792775896456e-01
4.470393371823243589e-01
7.862281547255245417e-01
-4.090908110521423446e-01
-8.050666743769869793e-01
-4.660515267180576071e-01
8.686870377930390186e-01
3.644719778276533928e-02
8.271179396206473911e-02
7.783619418927940625e-01
1.605963190240702887e-01
-1.000000000000000000e+00
1.000000000000000000e+00
-9.171844122285716105e-02
-7.890805549865578250e-01
4.116523470828599707e-01
