2.914715000409021650e-01
-9.435972617054908529e-01
3.300504133693529241e-01
-6.562731537632737755e-01
6.911027719967238747e-01
3.507572987671505604e-01
-7.422849981869169556e-01
-6.777953252557740171e-01
-9.355360268631796039e-01
7.208737475018698326e-01
-1.000000000000000000e+00
-1.385185014459999753e-01
3.976743451663416473e-01
-2.779962069201041830e-01
3.469812786741381938e-01
1.208320248111082185e-01
8.651691591165431294e-01
7.603723070581072108e-01
4.709960835913641342e-01
5.300271223129335851e-01
-6.982580783437938310e-01
-4.189139531078294731e-01
-6.901660942030847234e-01
1.000000000000000000e+00
-2.926669402186860003e-02
6.348540375081135334e-01
1.614813736187771798e-01
5.220802530544716991e-01
-9.168409039398057736e-01
-5.146992736956408354e-01
1.547873735201242273e-01
8.597632428146398942e-01
-6.052834991672673137e-01
-3.867773905121479894e-02
-7.622466527255343793e-01
1.706240034550570717e-01
-6.135532908628196225e-01
-3.133127577685193565e-01
-1.607744982519266341e-01
-6.377237055971274327e-02
5.592959075413160841e-01
-6.977355020638508210e-01
-6.086929933961633399e-01
3.942662954441747969e-01
-3.671689162902076475e-01
-3.093809525861727638e-01
-3.568698294825859429e-01
9.581505090916668799e-01
3.190996731918172569e-01
9.870795369418300380e-02
3.844385178706853923e-01
-6.506849008000081813e-01
-2.202083063945913799e-01
-7.688271584645454126e-01
-1.000000000000000000e+00
1.460107480519825529e-01
-6.954512976431237448e-03
-1.200301085473839957e-01
3.764497445029058587e-01
-5.857065333753600500e-01
-3.751221485825831370e-01
4.983454310350661776e-01
-1.116362499202685488e-01
8.167117806444885719e-01
9.582757056187958256e-01
7.172850075474590525e-01
-4.956694568961870773e-01
2.036980320167385838e-01
1.000000000000000000e+00
-4.599853045268431639e-01
-3.153579905168600872e-01
9.515441201400141047e-01
9.147803738579272093e-01
-8.637880272898523781e-01
6.934900347090566797e-02
8.754542399532608821e-01
-1.000000000000000000e+00
-6.290992820248259010e-02
4.002649628845861285e-01
-1.000000000000000000e+00
-9.022208350155125345e-01
-7.236592562498089798e-02
